+-----+---------+--------------+-----------+----+----+-------+
|  #  | hold_id | placement_id | hold_role | x  | y  | count |
+-----+---------+--------------+-----------+----+----+-------+
|  1  |   1467  |     1168     |     12    | 27 | 11 |  3093 |
|  2  |   1525  |     1187     |     12    | 31 | 13 |  1985 |
|  3  |   1465  |     1151     |     12    | 27 | 9  |  1683 |
|  4  |   1522  |     1153     |     12    | 31 | 9  |  4649 |
|  5  |   1521  |     1136     |     12    | 31 | 7  |  3788 |
|  6  |   1294  |     1145     |     12    | 15 | 9  |  3589 |
|  7  |   1353  |     1164     |     12    | 19 | 11 |  2691 |
|  8  |   1468  |     1185     |     12    | 27 | 13 |  2611 |
|  9  |   1356  |     1198     |     12    | 19 | 15 |  3340 |
|  10 |   1636  |     1157     |     12    | 39 | 9  |  3805 |
|  11 |   1582  |     1189     |     12    | 35 | 13 |  1691 |
|  12 |   1287  |     1110     |     12    | 13 | 5  |  460  |
|  13 |   1237  |     1143     |     12    | 11 | 9  |  5390 |
|  14 |   1227  |     1142     |     12    | 9  | 9  |  5210 |
|  15 |   1284  |     1144     |     12    | 13 | 9  |  4106 |
|  16 |   1568  |     1171     |     20    | 33 | 11 |  2171 |
|  17 |   1408  |     1149     |     12    | 23 | 9  | 10093 |
|  18 |   1623  |     1190     |     12    | 37 | 13 |  1523 |
|  19 |   1528  |     1221     |     12    | 31 | 17 |  1304 |
|  20 |   1224  |     1176     |     12    | 9  | 13 |  2355 |
|  21 |   1338  |     1180     |     12    | 17 | 13 |  2526 |
|  22 |   1350  |     1130     |     12    | 19 | 7  |  2060 |
|  23 |   1395  |     1182     |     12    | 21 | 13 |  1913 |
|  24 |   1341  |     1146     |     12    | 17 | 9  |  2607 |
|  25 |   1239  |     1160     |     12    | 11 | 11 |  1688 |
|  26 |   1340  |     1163     |     12    | 17 | 11 |  7646 |
|  27 |   1458  |     1116     |     12    | 25 | 5  |  783  |
|  28 |   1407  |     1132     |     12    | 23 | 7  |  2701 |
|  29 |   1283  |     1161     |     12    | 13 | 11 |  2690 |
|  30 |   1297  |     1179     |     12    | 15 | 13 |  2384 |
|  31 |   1470  |     1202     |     12    | 27 | 15 |  1693 |
|  32 |   1180  |     1192     |     12    | 7  | 15 |  2613 |
|  33 |   1242  |     1194     |     12    | 11 | 15 |  881  |
|  34 |   1626  |     1156     |     12    | 37 | 9  |  2033 |
|  35 |   1527  |     1204     |     12    | 31 | 15 |  1614 |
|  36 |   1452  |     1184     |     12    | 25 | 13 |  1719 |
|  37 |   1509  |     1186     |     12    | 29 | 13 |  3436 |
|  38 |   1413  |     1200     |     12    | 23 | 15 |  3385 |
|  39 |   1400  |     1131     |     12    | 21 | 7  |  2807 |
|  40 |   1344  |     1112     |     12    | 17 | 5  |  868  |
|  41 |   1236  |     1126     |     12    | 11 | 7  |  2245 |
|  42 |   1414  |     1217     |     12    | 23 | 17 |  445  |
|  43 |   1355  |     1513     |     12    | 20 | 14 |  595  |
|  44 |   1401  |     1114     |     12    | 21 | 5  |  2353 |
|  45 |   1293  |     1128     |     12    | 15 | 7  |  4717 |
|  46 |   1462  |     1117     |     12    | 27 | 5  |  1034 |
|  47 |   1286  |     1127     |     12    | 13 | 7  |  4421 |
|  48 |   1454  |     1167     |     12    | 25 | 11 |  2204 |
|  49 |   1455  |     1150     |     12    | 25 | 9  |  2570 |
|  50 |   1411  |     1183     |     12    | 23 | 13 |  1778 |
|  51 |   1182  |     1209     |     12    | 7  | 17 |  504  |
|  52 |   1351  |     1147     |     12    | 19 | 9  |  6336 |
|  53 |   1343  |     1129     |     12    | 17 | 7  |  2346 |
|  54 |   1419  |     1268     |     12    | 23 | 23 |  208  |
|  55 |   1571  |     1137     |     12    | 33 | 7  |  1524 |
|  56 |   1410  |     1166     |     12    | 23 | 11 |  6339 |
|  57 |   1186  |     1243     |     12    | 7  | 21 |  300  |
|  58 |   1246  |     1245     |     12    | 11 | 21 |  240  |
|  59 |   1347  |     1096     |     12    | 19 | 3  |  468  |
|  60 |   1631  |     1105     |     12    | 37 | 3  |  193  |
|  61 |   1514  |     1135     |     12    | 29 | 7  |  1910 |
|  62 |   1174  |     1141     |     12    | 7  | 9  |  2769 |
|  63 |   1512  |     1152     |     12    | 29 | 9  |  3079 |
|  64 |   1524  |     1170     |     12    | 31 | 11 |  2142 |
|  65 |   1625  |     1173     |     12    | 37 | 11 |  1301 |
|  66 |   1354  |     1181     |     12    | 19 | 13 |  1820 |
|  67 |   1280  |     1195     |     12    | 13 | 15 |  1064 |
|  68 |   1337  |     1197     |     12    | 17 | 15 |  1541 |
|  69 |   1474  |     1253     |     12    | 27 | 21 |  177  |
|  70 |   1445  |     1269     |     12    | 25 | 23 |  152  |
|  71 |   1397  |     1165     |     12    | 21 | 11 |  2674 |
|  72 |   1405  |     1115     |     12    | 23 | 5  |  778  |
|  73 |   1398  |     1148     |     12    | 21 | 9  |  5104 |
|  74 |   1226  |     1159     |     12    | 9  | 11 |  1062 |
|  75 |   1457  |     1133     |     12    | 25 | 7  |  2222 |
|  76 |   1332  |     1248     |     12    | 17 | 21 |  230  |
|  77 |   1331  |     1265     |     12    | 17 | 23 |   68  |
|  78 |   1511  |     1169     |     12    | 29 | 11 |  4994 |
|  79 |   1471  |     1219     |     12    | 27 | 17 |  727  |
|  80 |   1416  |     1234     |     12    | 23 | 19 |  1781 |
|  81 |   1296  |     1162     |     12    | 15 | 11 |  2609 |
|  82 |   1463  |     1479     |     12    | 28 | 6  |  115  |
|  83 |   1221  |     1210     |     12    | 9  | 17 |  795  |
|  84 |   1352  |     1495     |     12    | 20 | 10 |  277  |
|  85 |   1585  |     1223     |     12    | 35 | 17 |  1139 |
|  86 |   1562  |     1239     |     12    | 33 | 19 |  751  |
|  87 |   1519  |     1119     |     12    | 31 | 5  |  874  |
|  88 |   1508  |     1203     |     12    | 29 | 15 |  1797 |
|  89 |   1391  |     1233     |     12    | 21 | 19 |  787  |
|  90 |   1566  |     1188     |     12    | 33 | 13 |  1804 |
|  91 |   1639  |     1191     |     12    | 39 | 13 |  1397 |
|  92 |   1394  |     1199     |     12    | 21 | 15 |  1378 |
|  93 |   1240  |     1177     |     12    | 11 | 13 |  1784 |
|  94 |   1188  |     1260     |     12    | 7  | 23 |  176  |
|  95 |   1569  |     1154     |     12    | 33 | 9  |  2543 |
|  96 |   1515  |     1118     |     12    | 29 | 5  |  740  |
|  97 |   1505  |     1237     |     12    | 29 | 19 |  489  |
|  98 |   1587  |     1240     |     12    | 35 | 19 |  304  |
|  99 |   1622  |     1207     |     12    | 37 | 15 |  696  |
| 100 |   1590  |     1274     |     12    | 35 | 23 |   94  |
| 101 |   1473  |     1236     |     12    | 27 | 19 |  1058 |
| 102 |   1632  |     1106     |     12    | 39 | 3  |  224  |
| 103 |   1629  |     1122     |     12    | 37 | 5  |  569  |
| 104 |   1460  |     1099     |     12    | 25 | 3  |  603  |
| 105 |   1334  |     1231     |     12    | 17 | 19 |  562  |
| 106 |   1303  |     1247     |     12    | 15 | 21 |  426  |
| 107 |   1278  |     1212     |     12    | 13 | 17 |  779  |
| 108 |   1464  |     1134     |     12    | 27 | 7  |  3867 |
| 109 |   1251  |     1296     |     12    | 11 | 27 |   26  |
| 110 |   1194  |     1311     |     12    | 7  | 29 |   21  |
| 111 |   1628  |     1139     |     12    | 37 | 7  |  1436 |
| 112 |   1638  |     1174     |     12    | 39 | 11 |  2096 |
| 113 |   1581  |     1172     |     12    | 35 | 11 |  1789 |
| 114 |   1578  |     1138     |     12    | 35 | 7  |  1559 |
| 115 |   1230  |     1108     |     12    | 9  | 5  |  544  |
| 116 |   1234  |     1109     |     12    | 11 | 5  |  1143 |
| 117 |   1579  |     1155     |     12    | 35 | 9  |  5529 |
| 118 |   1576  |     1121     |     12    | 35 | 5  |  818  |
| 119 |   1357  |     1215     |     12    | 19 | 17 |  1166 |
| 120 |   1245  |     1228     |     12    | 11 | 19 |  655  |
| 121 |   1360  |     1249     |     12    | 19 | 21 |  193  |
| 122 |   1635  |     1140     |     12    | 39 | 7  |  967  |
| 123 |   1448  |     1235     |     12    | 25 | 19 |  828  |
| 124 |   1588  |     1257     |     12    | 35 | 21 |  1328 |
| 125 |   1645  |     1259     |     12    | 39 | 21 |  788  |
| 126 |   1282  |     1503     |     12    | 14 | 12 |  471  |
| 127 |   1281  |     1178     |     12    | 13 | 13 |  1932 |
| 128 |   1243  |     1211     |     12    | 11 | 17 |  176  |
| 129 |   1348  |     1113     |     12    | 19 | 5  |  428  |
| 130 |   1565  |     1205     |     12    | 33 | 15 |  1190 |
| 131 |   1418  |     1550     |     12    | 24 | 22 |   38  |
| 132 |   1475  |     1551     |     12    | 28 | 22 |   26  |
| 133 |   1339  |     1504     |     12    | 18 | 12 |  218  |
| 134 |   1644  |     1242     |     12    | 39 | 19 |  197  |
| 135 |   1393  |     1523     |     12    | 22 | 16 |  332  |
| 136 |   1178  |     1175     |     12    | 7  | 13 |  1608 |
| 137 |   1466  |     1497     |     12    | 28 | 10 |  286  |
| 138 |   1518  |     1102     |     12    | 31 | 3  |  302  |
| 139 |   1574  |     1103     |     12    | 33 | 3  |  205  |
| 140 |   1642  |     1225     |     12    | 39 | 17 |  331  |
| 141 |   1220  |     1227     |     12    | 9  | 19 |  320  |
| 142 |   1404  |     1098     |     12    | 23 | 3  |  292  |
| 143 |   1232  |     1091     |     12    | 9  | 3  |  241  |
| 144 |   1233  |     1092     |     12    | 11 | 3  |  194  |
| 145 |   1526  |     1516     |     12    | 32 | 14 |  359  |
| 146 |   1633  |     1123     |     12    | 39 | 5  |  688  |
| 147 |   1300  |     1213     |     12    | 15 | 17 |  413  |
| 148 |   1229  |     1125     |     12    | 9  | 7  |  2391 |
| 149 |   1572  |     1120     |     12    | 33 | 5  |  803  |
| 150 |   1359  |     1232     |     12    | 19 | 19 |  381  |
| 151 |   1346  |     1095     |     12    | 17 | 3  |  308  |
| 152 |   1290  |     1094     |     12    | 15 | 3  |  159  |
| 153 |   1502  |     1271     |     12    | 29 | 23 |  219  |
| 154 |   1291  |     1111     |     12    | 15 | 5  |  535  |
| 155 |   1176  |     1158     |     12    | 7  | 11 |  929  |
| 156 |   1533  |     1272     |     12    | 31 | 23 |   92  |
| 157 |   1624  |     1509     |     12    | 38 | 12 |  167  |
| 158 |   1223  |     1193     |     12    | 9  | 15 |  770  |
| 159 |   1503  |     1254     |     12    | 29 | 21 |  366  |
| 160 |   1295  |     1494     |     12    | 16 | 10 |  225  |
| 161 |   1277  |     1229     |     12    | 13 | 19 |  305  |
| 162 |   1177  |     1501     |     12    | 6  | 12 |   92  |
| 163 |   1299  |     1196     |     12    | 15 | 15 |  1305 |
| 164 |   1647  |     1276     |     12    | 39 | 23 |  170  |
| 165 |   1235  |     1475     |     12    | 12 | 6  |   36  |
| 166 |   1292  |     1476     |     12    | 16 | 6  |  165  |
| 167 |   1530  |     1238     |     12    | 31 | 19 |  293  |
| 168 |   1449  |     1218     |     12    | 25 | 17 |  558  |
| 169 |   1507  |     1525     |     12    | 30 | 16 |  246  |
| 170 |   1335  |     1214     |     12    | 17 | 17 |  934  |
| 171 |   1345  |     1468     |     12    | 18 | 4  |   59  |
| 172 |   1238  |     1493     |     12    | 12 | 10 |  165  |
| 173 |   1451  |     1201     |     12    | 25 | 15 |  1581 |
| 174 |   1584  |     1206     |     12    | 35 | 15 |  728  |
| 175 |   1406  |     1478     |     12    | 24 | 6  |  184  |
| 176 |   1476  |     1270     |     12    | 27 | 23 |  135  |
| 177 |   1392  |     1216     |     12    | 21 | 17 |  1018 |
| 178 |   1593  |     1308     |     12    | 35 | 27 |  153  |
| 179 |   1531  |     1255     |     12    | 31 | 21 |  189  |
| 180 |   1620  |     1224     |     12    | 37 | 17 |  327  |
| 181 |   1563  |     1222     |     12    | 33 | 17 |  684  |
| 182 |   1409  |     1496     |     12    | 24 | 10 |  324  |
| 183 |   1446  |     1252     |     12    | 25 | 21 |  222  |
| 184 |   1285  |     1485     |     12    | 14 | 8  |  263  |
| 185 |   1396  |     1505     |     12    | 22 | 12 |  227  |
| 186 |   1170  |     1107     |     12    | 7  | 5  |  530  |
| 187 |   1386  |     1284     |     12    | 21 | 25 |  106  |
| 188 |   1172  |     1124     |     12    | 7  | 7  |  1730 |
| 189 |   1500  |     1288     |     12    | 29 | 25 |   64  |
| 190 |   1275  |     1246     |     12    | 13 | 21 |  375  |
| 191 |   1469  |     1515     |     12    | 28 | 14 |  382  |
| 192 |   1389  |     1250     |     12    | 21 | 21 |  347  |
| 193 |   1412  |     1514     |     12    | 24 | 14 |  497  |
| 194 |   1591  |     1291     |     12    | 35 | 25 |   42  |
| 195 |   1619  |     1241     |     12    | 37 | 19 |  448  |
| 196 |   1641  |     1208     |     12    | 39 | 15 |  474  |
| 197 |   1513  |     1489     |     12    | 30 | 8  |  139  |
| 198 |   1461  |     1100     |     12    | 27 | 3  |  205  |
| 199 |   1371  |     1385     |     12    | 19 | 37 |   16  |
| 200 |   1428  |     1387     |     12    | 23 | 37 |   24  |
| 201 |   1150  |     1081     |     12    | 23 | 1  |   52  |
| 202 |   1333  |     1540     |     12    | 18 | 20 |   81  |
| 203 |   1181  |     1519     |     12    | 6  | 16 |  114  |
| 204 |   1575  |     1104     |     12    | 35 | 3  |  154  |
| 205 |   1506  |     1220     |     12    | 29 | 17 |  502  |
| 206 |   1640  |     1518     |     12    | 40 | 14 |   87  |
| 207 |   1184  |     1226     |     12    | 7  | 19 |  195  |
| 208 |   1520  |     1480     |     12    | 32 | 6  |  147  |
| 209 |   1365  |     1300     |     12    | 19 | 27 |   91  |
| 210 |   1422  |     1302     |     12    | 23 | 27 |  169  |
| 211 |   1399  |     1487     |     12    | 22 | 8  |  211  |
| 212 |   1272  |     1280     |     12    | 13 | 25 |   61  |
| 213 |   1192  |     1294     |     12    | 7  | 27 |  170  |
| 214 |   1349  |     1477     |     12    | 20 | 6  |  138  |
| 215 |   1175  |     1492     |     12    | 8  | 10 |  175  |
| 216 |   1510  |     1507     |     12    | 30 | 12 |  221  |
| 217 |   1302  |     1230     |     12    | 15 | 19 |  694  |
| 218 |   1583  |     1517     |     12    | 36 | 14 |   61  |
| 219 |   1477  |     1287     |     12    | 27 | 25 |   65  |
| 220 |   1561  |     1544     |     12    | 34 | 20 |   80  |
| 221 |   1241  |     1511     |     12    | 12 | 14 |  247  |
| 222 |   1298  |     1512     |     12    | 16 | 14 |  483  |
| 223 |   1567  |     1508     |     12    | 34 | 12 |  178  |
| 224 |   1580  |     1499     |     20    | 36 | 10 |  160  |
| 225 |   1314  |     1383     |     12    | 15 | 37 |   8   |
| 226 |   1321  |     1384     |     12    | 17 | 37 |   6   |
| 227 |   1403  |     1097     |     12    | 21 | 3  |  394  |
| 228 |   1168  |     1090     |     12    | 7  | 3  |  108  |
| 229 |   1402  |     1469     |     12    | 22 | 4  |   58  |
| 230 |   1517  |     1101     |     12    | 29 | 3  |  239  |
| 231 |   1279  |     1521     |     12    | 14 | 16 |  220  |
| 232 |   1165  |     1463     |     12    | 8  | 0  |   19  |
| 233 |   1560  |     1256     |     12    | 33 | 21 |  182  |
| 234 |   1453  |     1506     |     12    | 26 | 12 |  197  |
| 235 |   1479  |     1304     |     12    | 27 | 27 |   26  |
| 236 |   1415  |     1532     |     12    | 24 | 18 |   57  |
| 237 |   1248  |     1262     |     12    | 11 | 23 |   78  |
| 238 |   1225  |     1502     |     12    | 10 | 12 |  242  |
| 239 |   1274  |     1263     |     12    | 13 | 23 |  104  |
| 240 |   1485  |     1389     |     12    | 27 | 37 |   18  |
| 241 |   1542  |     1391     |     12    | 31 | 37 |   11  |
| 242 |   1146  |     1079     |     12    | 27 | 1  |   11  |
| 243 |   1183  |     1528     |     12    | 8  | 18 |   17  |
| 244 |   1198  |     1345     |     12    | 7  | 33 |   11  |
| 245 |   1539  |     1340     |     12    | 31 | 31 |   20  |
| 246 |   1362  |     1266     |     12    | 19 | 23 |  101  |
| 247 |   1289  |     1093     |     12    | 13 | 3  |  263  |
| 248 |   1504  |     1543     |     12    | 30 | 20 |  163  |
| 249 |   1616  |     1275     |     12    | 37 | 23 |   60  |
| 250 |   1627  |     1491     |     12    | 38 | 8  |   41  |
| 251 |   1523  |     1498     |     12    | 32 | 10 |  174  |
| 252 |   1559  |     1273     |     12    | 33 | 23 |  112  |
| 253 |   1306  |     1281     |     12    | 15 | 25 |  112  |
| 254 |   1138  |     1075     |     12    | 35 | 1  |   12  |
| 255 |   1447  |     1542     |     12    | 26 | 20 |  168  |
| 256 |   1358  |     1531     |     12    | 20 | 18 |   64  |
| 257 |   1149  |     1455     |     12    | 24 | 0  |   24  |
| 258 |   1151  |     1456     |     12    | 22 | 0  |   20  |
| 259 |   1218  |     1244     |     12    | 9  | 21 |  126  |
| 260 |   1214  |     1295     |     12    | 9  | 27 |   20  |
| 261 |   1269  |     1314     |     12    | 13 | 29 |   8   |
| 262 |   1621  |     1527     |     12    | 38 | 16 |   98  |
| 263 |   1271  |     1297     |     12    | 13 | 27 |   46  |
| 264 |   1305  |     1264     |     12    | 15 | 23 |   62  |
| 265 |   1385  |     1301     |     12    | 21 | 27 |   30  |
| 266 |   1329  |     1282     |     12    | 17 | 25 |   35  |
| 267 |   1342  |     1486     |     12    | 18 | 8  |   52  |
| 268 |   1179  |     1510     |     12    | 8  | 14 |   54  |
| 269 |   1551  |     1358     |     12    | 33 | 33 |   2   |
| 270 |   1501  |     1561     |     12    | 30 | 24 |   13  |
| 271 |   1459  |     1470     |     12    | 26 | 4  |   38  |
| 272 |   1536  |     1306     |     12    | 31 | 27 |   82  |
| 273 |   1617  |     1258     |     12    | 37 | 21 |  208  |
| 274 |   1222  |     1520     |     12    | 10 | 16 |  135  |
| 275 |   1586  |     1535     |     12    | 36 | 18 |   33  |
| 276 |   1388  |     1267     |     12    | 21 | 23 |  154  |
| 277 |   1152  |     1082     |     12    | 21 | 1  |   34  |
| 278 |   1534  |     1289     |     12    | 31 | 25 |  103  |
| 279 |   1228  |     1484     |     12    | 10 | 8  |  145  |
| 280 |   1133  |     1447     |     12    | 40 | 0  |   57  |
| 281 |   1173  |     1483     |     12    | 6  | 8  |   75  |
| 282 |   1420  |     1285     |     12    | 23 | 25 |   42  |
| 283 |   1637  |     1500     |     12    | 40 | 10 |   89  |
| 284 |   1268  |     1331     |     12    | 13 | 31 |   14  |
| 285 |   1634  |     1482     |     12    | 40 | 6  |   41  |
| 286 |   1557  |     1290     |     12    | 33 | 25 |   31  |
| 287 |   1456  |     1488     |     12    | 26 | 8  |   43  |
| 288 |   1618  |     1545     |     12    | 38 | 20 |   29  |
| 289 |   1153  |     1457     |     12    | 20 | 0  |   9   |
| 290 |   1169  |     1465     |     12    | 6  | 4  |   35  |
| 291 |   1288  |     1467     |     12    | 14 | 4  |   48  |
| 292 |   1570  |     1490     |     12    | 34 | 8  |   60  |
| 293 |   1160  |     1086     |     12    | 13 | 1  |   37  |
| 294 |   1217  |     1261     |     12    | 9  | 23 |   59  |
| 295 |   1326  |     1316     |     12    | 17 | 29 |   10  |
| 296 |   1171  |     1474     |     12    | 8  | 6  |   21  |
| 297 |   1529  |     1534     |     12    | 32 | 18 |   24  |
| 298 |   1164  |     1088     |     12    | 9  | 1  |   15  |
| 299 |   1301  |     1530     |     12    | 16 | 18 |   64  |
| 300 |   1417  |     1251     |     12    | 23 | 21 |  120  |
| 301 |   1215  |     1278     |     12    | 9  | 25 |   68  |
| 302 |   1148  |     1080     |     12    | 25 | 1  |   42  |
| 303 |   1439  |     1337     |     12    | 25 | 31 |   9   |
| 304 |   1390  |     1541     |     12    | 22 | 20 |   64  |
| 305 |   1643  |     1536     |     12    | 40 | 18 |   55  |
| 306 |   1273  |     1557     |     12    | 14 | 24 |   8   |
| 307 |   1137  |     1449     |     12    | 36 | 0  |   13  |
| 308 |   1573  |     1472     |     12    | 34 | 4  |   40  |
| 309 |   1143  |     1452     |     12    | 30 | 0  |   18  |
| 310 |   1435  |     1388     |     12    | 25 | 37 |   10  |
| 311 |   1492  |     1390     |     12    | 29 | 37 |   10  |
| 312 |   1276  |     1539     |     12    | 14 | 20 |   49  |
| 313 |   1309  |     1315     |     12    | 15 | 29 |   21  |
| 314 |   1383  |     1318     |     12    | 21 | 29 |   18  |
| 315 |   1206  |     1397     |     12    | 9  | 39 |   2   |
| 316 |   1263  |     1399     |     12    | 13 | 39 |   1   |
| 317 |   1255  |     1347     |     12    | 11 | 33 |   34  |
| 318 |   1614  |     1292     |     12    | 37 | 25 |   28  |
| 319 |   1166  |     1464     |     12    | 6  | 0  |   67  |
| 320 |   1382  |     1335     |     12    | 21 | 31 |   7   |
| 321 |   1323  |     1350     |     12    | 17 | 33 |   1   |
| 322 |   1648  |     1293     |     12    | 39 | 25 |   26  |
| 323 |   1564  |     1526     |     12    | 34 | 16 |   18  |
| 324 |   1140  |     1076     |     12    | 33 | 1  |   18  |
| 325 |   1161  |     1461     |     12    | 12 | 0  |   14  |
| 326 |   1423  |     1319     |     12    | 23 | 29 |   23  |
| 327 |   1156  |     1084     |     12    | 17 | 1  |   39  |
| 328 |   1654  |     1361     |     12    | 39 | 33 |   12  |
| 329 |   1656  |     1395     |     12    | 39 | 37 |   32  |
| 330 |   1577  |     1481     |     12    | 36 | 6  |   67  |
| 331 |   1361  |     1549     |     12    | 20 | 22 |   14  |
| 332 |   1185  |     1537     |     12    | 6  | 20 |   15  |
| 333 |   1219  |     1538     |     12    | 10 | 20 |   14  |
| 334 |   1443  |     1286     |     12    | 25 | 25 |   53  |
| 335 |   1144  |     1078     |     12    | 29 | 1  |   11  |
| 336 |   1155  |     1458     |     12    | 18 | 0  |   21  |
| 337 |   1363  |     1283     |     12    | 19 | 25 |   58  |
| 338 |   1440  |     1320     |     12    | 25 | 29 |   21  |
| 339 |   1244  |     1529     |     12    | 12 | 18 |   4   |
| 340 |   1308  |     1298     |     12    | 15 | 27 |   17  |
| 341 |   1162  |     1087     |     12    | 11 | 1  |   18  |
| 342 |   1200  |     1379     |     12    | 7  | 37 |   51  |
| 343 |   1480  |     1321     |     12    | 27 | 29 |   8   |
| 344 |   1516  |     1471     |     12    | 30 | 4  |   21  |
| 345 |   1187  |     1546     |     12    | 8  | 22 |   18  |
| 346 |   1216  |     1556     |     12    | 10 | 24 |   10  |
| 347 |   1147  |     1454     |     12    | 26 | 0  |   25  |
| 348 |   1630  |     1473     |     12    | 38 | 4  |   12  |
| 349 |   1134  |     1073     |     12    | 39 | 1  |   12  |
| 350 |   1613  |     1309     |     12    | 37 | 27 |   20  |
| 351 |   1650  |     1310     |     12    | 39 | 27 |   10  |
| 352 |   1651  |     1327     |     12    | 39 | 29 |   8   |
| 353 |   1652  |     1590     |     12    | 40 | 30 |   2   |
| 354 |   1336  |     1522     |     12    | 18 | 16 |   20  |
| 355 |   1472  |     1533     |     12    | 28 | 18 |   58  |
| 356 |   1366  |     1317     |     12    | 19 | 29 |   13  |
| 357 |   1450  |     1524     |     12    | 26 | 16 |   23  |
| 358 |   1231  |     1466     |     12    | 10 | 4  |   26  |
| 359 |   1532  |     1552     |     12    | 32 | 22 |   7   |
| 360 |   1556  |     1307     |     12    | 33 | 27 |   23  |
| 361 |   1256  |     1364     |     12    | 11 | 35 |   3   |
| 362 |   1212  |     1312     |     12    | 9  | 29 |   24  |
| 363 |   1207  |     1380     |     12    | 9  | 37 |   26  |
| 364 |   1257  |     1381     |     12    | 11 | 37 |   15  |
| 365 |   1196  |     1328     |     12    | 7  | 31 |   7   |
| 366 |   1209  |     1346     |     12    | 9  | 33 |   5   |
| 367 |   1135  |     1448     |     12    | 38 | 0  |   14  |
| 368 |   1328  |     1299     |     12    | 17 | 27 |   23  |
| 369 |   1606  |     1394     |     12    | 37 | 37 |   29  |
| 370 |   1554  |     1324     |     12    | 33 | 29 |   14  |
| 371 |   1249  |     1279     |     12    | 11 | 25 |   28  |
| 372 |   1378  |     1386     |     12    | 21 | 37 |   8   |
| 373 |   1589  |     1553     |     12    | 36 | 22 |   31  |
| 374 |   1159  |     1460     |     12    | 14 | 0  |   13  |
| 375 |   1615  |     1563     |     12    | 38 | 24 |   5   |
| 376 |   1154  |     1083     |     12    | 19 | 1  |   14  |
| 377 |   1190  |     1277     |     12    | 7  | 25 |   53  |
| 378 |   1157  |     1459     |     12    | 16 | 0  |   18  |
| 379 |   1499  |     1305     |     12    | 29 | 27 |   19  |
| 380 |   1497  |     1322     |     12    | 29 | 29 |   12  |
| 381 |   1496  |     1339     |     12    | 29 | 31 |   11  |
| 382 |   1266  |     1348     |     12    | 13 | 33 |   10  |
| 383 |   1380  |     1352     |     12    | 21 | 33 |   5   |
| 384 |   1494  |     1356     |     12    | 29 | 33 |   5   |
| 385 |   1265  |     1365     |     12    | 13 | 35 |   5   |
| 386 |   1379  |     1369     |     12    | 21 | 35 |   2   |
| 387 |   1493  |     1373     |     12    | 29 | 35 |   4   |
| 388 |   1264  |     1382     |     12    | 13 | 37 |   17  |
| 389 |   1611  |     1326     |     12    | 37 | 29 |   1   |
| 390 |   1610  |     1343     |     12    | 37 | 31 |   3   |
| 391 |   1608  |     1360     |     12    | 37 | 33 |   3   |
| 392 |   1607  |     1377     |     12    | 37 | 35 |   1   |
| 393 |   1442  |     1303     |     12    | 25 | 27 |   15  |
| 394 |   1425  |     1336     |     12    | 23 | 31 |   5   |
| 395 |   1312  |     1349     |     12    | 15 | 33 |   2   |
| 396 |   1211  |     1329     |     12    | 9  | 31 |   5   |
| 397 |   1311  |     1332     |     12    | 15 | 31 |   3   |
| 398 |   1208  |     1363     |     12    | 9  | 35 |   18  |
| 399 |   1313  |     1366     |     12    | 15 | 35 |   5   |
| 400 |   1254  |     1330     |     12    | 11 | 31 |   7   |
| 401 |   1252  |     1313     |     12    | 11 | 29 |   11  |
| 402 |   1646  |     1554     |     12    | 40 | 22 |   5   |
| 403 |   1163  |     1462     |     12    | 10 | 0  |   7   |
| 404 |   1199  |     1362     |     12    | 7  | 35 |   8   |
| 405 |   1653  |     1344     |     12    | 39 | 31 |   9   |
| 406 |   1158  |     1085     |     12    | 15 | 1  |   16  |
| 407 |   1191  |     1564     |     12    | 8  | 26 |   2   |
| 408 |   1484  |     1372     |     12    | 27 | 35 |   2   |
| 409 |   1550  |     1375     |     12    | 33 | 35 |   2   |
| 410 |   1482  |     1338     |     12    | 27 | 31 |   4   |
| 411 |   1167  |     1089     |     12    | 7  | 1  |   30  |
| 412 |   4285  |     4704     |     12    | 3  | 9  |  102  |
| 413 |   1426  |     1353     |     12    | 23 | 33 |   14  |
| 414 |   1304  |     1548     |     12    | 16 | 22 |   8   |
| 415 |   1592  |     1571     |     12    | 36 | 26 |   2   |
| 416 |   1136  |     1074     |     12    | 37 | 1  |   5   |
| 417 |   1247  |     1547     |     12    | 12 | 22 |   16  |
| 418 |   1597  |     1359     |     12    | 35 | 33 |   17  |
| 419 |   1436  |     1371     |     12    | 25 | 35 |   2   |
| 420 |   1478  |     1569     |     12    | 28 | 26 |   4   |
| 421 |   1444  |     1560     |     12    | 26 | 24 |   7   |
| 422 |   1139  |     1450     |     12    | 34 | 0  |   10  |
| 423 |   1387  |     1559     |     12    | 22 | 24 |   17  |
| 424 |   1553  |     1341     |     12    | 33 | 31 |   8   |
| 425 |   4267  |     4686     |     12    | 5  | 11 |   83  |
| 426 |   4286  |     4705     |     12    | 3  | 11 |   61  |
| 427 |   1145  |     1453     |     12    | 28 | 0  |   14  |
| 428 |   4323  |     4742     |     12    | 41 | 9  |   60  |
| 429 |   1594  |     1325     |     12    | 35 | 29 |   5   |
| 430 |   4283  |     4702     |     12    | 3  | 5  |   31  |
| 431 |   4265  |     4684     |     12    | 5  | 7  |  149  |
| 432 |   4304  |     4723     |     12    | 1  | 9  |  173  |
| 433 |   4362  |     4781     |     12    | 45 | 11 |  106  |
| 434 |   1599  |     1393     |     12    | 35 | 37 |   13  |
| 435 |   4307  |     4726     |     12    | 1  | 15 |   35  |
| 436 |   4288  |     4707     |     12    | 3  | 15 |   33  |
| 437 |   4306  |     4725     |     12    | 1  | 13 |   56  |
| 438 |   4322  |     4741     |     12    | 41 | 7  |  135  |
| 439 |   4340  |     4759     |     12    | 43 | 5  |   49  |
| 440 |   4268  |     4687     |     12    | 5  | 13 |  160  |
| 441 |   4361  |     4780     |     12    | 45 | 9  |  127  |
| 442 |   4325  |     4744     |     12    | 41 | 13 |   69  |
| 443 |   4276  |     4695     |     12    | 5  | 29 |   1   |
| 444 |   4326  |     4745     |     12    | 41 | 15 |   34  |
| 445 |   4348  |     4767     |     12    | 43 | 21 |   14  |
| 446 |   4327  |     4746     |     12    | 41 | 17 |   21  |
| 447 |   4269  |     4688     |     12    | 5  | 15 |   24  |
| 448 |   4271  |     4690     |     12    | 5  | 19 |   21  |
| 449 |   4363  |     4782     |     12    | 45 | 13 |   24  |
| 450 |   4328  |     4747     |     12    | 41 | 19 |   19  |
| 451 |   4293  |     4712     |     12    | 3  | 25 |   16  |
| 452 |   4343  |     4762     |     12    | 43 | 11 |  120  |
| 453 |   4302  |     4721     |     12    | 1  | 5  |   24  |
| 454 |   4303  |     4722     |     12    | 1  | 7  |   44  |
| 455 |   4284  |     4703     |     12    | 3  | 7  |   27  |
| 456 |   4264  |     4683     |     12    | 5  | 5  |   19  |
| 457 |   4282  |     4701     |     12    | 3  | 3  |   25  |
| 458 |   4414  |     4833     |     12    | 46 | 16 |   1   |
| 459 |   1330  |     1558     |     12    | 18 | 24 |   6   |
| 460 |   4329  |     4748     |     12    | 41 | 21 |   3   |
| 461 |   4366  |     4785     |     12    | 45 | 19 |   12  |
| 462 |   4266  |     4685     |     12    | 5  | 9  |  144  |
| 463 |   4324  |     4743     |     12    | 41 | 11 |   49  |
| 464 |   4359  |     4778     |     12    | 45 | 5  |   43  |
| 465 |   4289  |     4708     |     12    | 3  | 17 |   22  |
| 466 |   4341  |     4760     |     12    | 43 | 7  |  121  |
| 467 |   1141  |     1451     |     12    | 32 | 0  |   6   |
| 468 |   4342  |     4761     |     12    | 43 | 9  |   58  |
| 469 |   4301  |     4720     |     12    | 1  | 3  |   9   |
| 470 |   4347  |     4766     |     12    | 43 | 19 |   10  |
| 471 |   4346  |     4765     |     12    | 43 | 17 |   8   |
| 472 |   4305  |     4724     |     12    | 1  | 11 |  132  |
| 473 |   4365  |     4784     |     12    | 45 | 17 |   8   |
| 474 |   4321  |     4740     |     12    | 41 | 5  |   7   |
| 475 |   4364  |     4783     |     12    | 45 | 15 |   27  |
| 476 |   1598  |     1376     |     12    | 35 | 35 |   4   |
| 477 |   4345  |     4764     |     12    | 43 | 15 |   34  |
| 478 |   1189  |     1555     |     12    | 6  | 24 |   3   |
| 479 |   1142  |     1077     |     12    | 31 | 1  |   15  |
| 480 |   1541  |     1374     |     12    | 31 | 35 |   1   |
| 481 |   4344  |     4763     |     12    | 43 | 13 |   37  |
| 482 |   4407  |     4826     |     12    | 42 | 8  |   5   |
| 483 |   4287  |     4706     |     12    | 3  | 13 |   93  |
| 484 |   4308  |     4727     |     12    | 1  | 17 |   11  |
| 485 |   4360  |     4779     |     12    | 45 | 7  |   60  |
| 486 |   4320  |     4739     |     12    | 41 | 3  |   6   |
| 487 |   4339  |     4758     |     12    | 43 | 3  |   22  |
| 488 |   4367  |     4786     |     12    | 45 | 21 |   5   |
| 489 |   4368  |     4787     |     12    | 45 | 23 |   4   |
| 490 |   4406  |     4825     |     12    | 44 | 6  |   1   |
| 491 |   1384  |     1577     |     12    | 22 | 28 |   5   |
| 492 |   1441  |     1578     |     12    | 26 | 28 |   2   |
| 493 |   4270  |     4689     |     12    | 5  | 17 |   6   |
| 494 |   1201  |     1396     |     12    | 7  | 39 |   1   |
| 495 |   1537  |     1323     |     12    | 31 | 29 |   1   |
| 496 |   4387  |     4806     |     12    | 4  | 10 |   3   |
| 497 |   1325  |     1333     |     12    | 17 | 31 |   3   |
| 498 |   4375  |     4794     |     12    | 45 | 37 |   3   |
| 499 |   4394  |     4813     |     12    | 2  | 20 |   1   |
| 500 |   4309  |     4728     |     12    | 1  | 19 |   17  |
| 501 |   4272  |     4691     |     12    | 5  | 21 |   4   |
| 502 |   4263  |     4682     |     12    | 5  | 3  |   4   |
| 503 |   4290  |     4709     |     12    | 3  | 19 |   14  |
| 504 |   4412  |     4831     |     12    | 44 | 14 |   5   |
| 505 |   4384  |     4803     |     12    | 4  | 6  |   4   |
| 506 |   1558  |     1562     |     12    | 34 | 24 |   3   |
| 507 |   4415  |     4834     |     12    | 44 | 18 |   3   |
| 508 |   4381  |     4800     |     12    | 46 | 0  |   5   |
| 509 |   1369  |     1351     |     12    | 19 | 33 |   3   |
| 510 |   4391  |     4810     |     12    | 2  | 16 |   2   |
| 511 |   4383  |     4802     |     12    | 0  | 6  |   7   |
| 512 |   4395  |     4814     |     12    | 0  | 22 |   1   |
| 513 |   4396  |     4815     |     12    | 4  | 22 |   1   |
| 514 |   4292  |     4711     |     12    | 3  | 23 |   1   |
| 515 |   4310  |     4729     |     12    | 1  | 21 |   9   |
| 516 |   4389  |     4808     |     12    | 0  | 14 |   4   |
| 517 |   1535  |     1570     |     12    | 32 | 26 |   1   |
| 518 |   4262  |     4681     |     12    | 5  | 1  |   2   |
| 519 |   4413  |     4832     |     12    | 42 | 16 |   1   |
| 520 |   1540  |     1357     |     12    | 31 | 33 |   1   |
| 521 |   1483  |     1355     |     12    | 27 | 33 |   4   |
| 522 |   1549  |     1392     |     12    | 33 | 37 |   7   |
| 523 |   4376  |     4795     |     12    | 4  | 0  |   1   |
| 524 |   4291  |     4710     |     12    | 3  | 21 |   8   |
| 525 |   4295  |     4714     |     12    | 3  | 29 |   1   |
| 526 |   4318  |     4737     |     12    | 1  | 37 |   3   |
| 527 |   1364  |     1567     |     12    | 20 | 26 |   4   |
| 528 |   4358  |     4777     |     12    | 45 | 3  |   5   |
| 529 |   1538  |     1588     |     12    | 32 | 30 |   1   |
| 530 |   4277  |     4696     |     12    | 5  | 31 |   1   |
| 531 |   4311  |     4730     |     12    | 1  | 23 |   3   |
| 532 |   4390  |     4809     |     12    | 4  | 14 |   1   |
| 533 |   4411  |     4830     |     12    | 46 | 12 |   2   |
| 534 |   1437  |     1354     |     12    | 25 | 33 |   6   |
| 535 |   1370  |     1368     |     12    | 19 | 35 |   5   |
| 536 |   4332  |     4751     |     12    | 41 | 27 |   3   |
| 537 |   4409  |     4828     |     12    | 44 | 10 |   2   |
| 538 |   4274  |     4693     |     12    | 5  | 25 |   1   |
| 539 |   4349  |     4768     |     12    | 43 | 23 |   4   |
| 540 |   1307  |     1566     |     12    | 16 | 26 |   1   |
| 541 |   1427  |     1370     |     12    | 23 | 35 |   1   |
| 542 |   1481  |     1587     |     12    | 28 | 30 |   1   |
| 543 |   1250  |     1565     |     12    | 12 | 26 |   1   |
| 544 |   4378  |     4797     |     12    | 0  | 0  |   1   |
| 545 |   4279  |     4698     |     12    | 5  | 35 |   1   |
| 546 |   1205  |     1414     |     12    | 9  | 41 |   1   |
| 547 |   4392  |     4811     |     12    | 0  | 18 |   1   |
| 548 |   4356  |     4775     |     12    | 43 | 37 |   3   |
| 549 |   1213  |     1574     |     12    | 10 | 28 |   2   |
| 550 |   1555  |     1580     |     12    | 34 | 28 |   1   |
| 551 |   1421  |     1568     |     12    | 24 | 26 |   3   |
| 552 |   1322  |     1367     |     12    | 17 | 35 |   2   |
| 553 |   4312  |     4731     |     12    | 1  | 25 |   2   |
| 554 |   1596  |     1342     |     12    | 35 | 31 |   4   |
| 555 |   1195  |     1582     |     12    | 8  | 30 |   1   |
| 556 |   1267  |     1593     |     12    | 14 | 32 |   1   |
| 557 |   4357  |     4776     |     12    | 45 | 1  |   1   |
| 558 |   1368  |     1334     |     12    | 19 | 31 |   3   |
| 559 |   4299  |     4718     |     12    | 3  | 37 |   2   |
| 560 |   4385  |     4804     |     12    | 2  | 8  |   1   |
| 561 |   4330  |     4749     |     12    | 41 | 23 |   2   |
| 562 |   4280  |     4699     |     12    | 5  | 37 |   3   |
| 563 |   1595  |     1589     |     12    | 36 | 30 |   1   |
| 564 |   4369  |     4788     |     12    | 45 | 25 |   1   |
| 565 |   4372  |     4791     |     12    | 45 | 31 |   1   |
| 566 |   4426  |     4845     |     12    | 46 | 32 |   1   |
| 567 |   1609  |     1599     |     12    | 38 | 32 |   1   |
| 568 |   1655  |     1378     |     12    | 39 | 35 |   1   |
| 569 |   1324  |     1594     |     12    | 18 | 32 |   1   |
| 570 |   4382  |     4801     |     12    | 2  | 4  |   2   |
| 571 |   1197  |     1591     |     12    | 6  | 32 |   1   |
| 572 |   4273  |     4692     |     12    | 5  | 23 |   3   |
| 573 |   4334  |     4753     |     12    | 41 | 31 |   3   |
| 574 |   4373  |     4792     |     12    | 45 | 33 |   1   |
| 575 |   4298  |     4717     |     12    | 3  | 35 |   1   |
+-----+---------+--------------+-----------+----+----+-------+